
 7

(((human: 0.025136, (chimpanzee: 0.013241, bonobo: 0.010461): 0.014365): 0.013406, gorilla: 0.029460): 0.025520, (orangutan: 0.022252, sumatran: 0.020639): 0.041605, gibbon: 0.062501);

  0.025520  0.013406  0.025136  0.014365  0.013241  0.010461  0.029460  0.041605  0.022252  0.020639  0.062501

  0.000000  0.006206  0.000000  0.000000  0.000000  0.000000  0.000000  0.000000  0.000000  0.000000  0.000000


Hessian

 -9.652e+04      -3713 -1.037e+04 -1.176e+04 -1.373e+04 -2.065e+04      -8997      -4832      -2037      -2380      -4792
      -3713 -1.766e+05      -4315     -143.4 -1.372e+04      -9111 -2.129e+04      -7018       2411      -5781      -9587
 -1.037e+04      -4315 -1.114e+05 -1.824e+04 -1.165e+04 -1.166e+04 -1.102e+04      -5830      -3361      -9602      -3456
 -1.176e+04     -143.4 -1.824e+04 -1.871e+05       1595       1033 -1.312e+04      -4813      -8984      -4797      -5245
 -1.373e+04 -1.372e+04 -1.165e+04       1595 -2.276e+05 -2.178e+04      -6789 -1.132e+04      -4848      -7159      -8268
 -2.065e+04      -9111 -1.166e+04       1033 -2.178e+04  -2.82e+05 -1.082e+04      -8441      -5364      -1150     -658.5
      -8997 -2.129e+04 -1.102e+04 -1.312e+04      -6789 -1.082e+04 -8.912e+04      -7295      -3943     -38.79      -7145
      -4832      -7018      -5830      -4813 -1.132e+04      -8441      -7295 -6.575e+04     -389.2     -636.9      -4048
      -2037       2411      -3361      -8984      -4848      -5364      -3943     -389.2 -1.304e+05   -1.4e+04      -2299
      -2380      -5781      -9602      -4797      -7159      -1150     -38.79     -636.9   -1.4e+04 -1.395e+05      -3780
      -4792      -9587      -3456      -5245      -8268     -658.5      -7145      -4048      -2299      -3780 -4.476e+04

 7

(((human: 0.010816, (chimpanzee: 0.002669, bonobo: 0.003656): 0.003533): 0.004540, gorilla: 0.011641): 0.007647, (orangutan: 0.009778, sumatran: 0.008357): 0.021544, gibbon: 0.024928);

  0.007647  0.004540  0.010816  0.003533  0.002669  0.003656  0.011641  0.021544  0.009778  0.008357  0.024928

  0.000000  0.000000  0.000000  0.000000  0.000000  0.000000  0.000000  0.000000  0.000000  0.000000  0.000000


Hessian

  -3.66e+05      -1240 -1.734e+04 -2.322e+04 -4.443e+04 -3.215e+04      -9710      -3092 -1.267e+04 -1.209e+04      -9989
      -1240 -6.434e+05      -6369      -1989 -2.056e+04 -3.437e+04 -2.013e+04 -1.637e+04       3015       2578 -1.086e+04
 -1.734e+04      -6369 -2.849e+05 -4.478e+04 -1.724e+04 -1.766e+04 -3.146e+04 -2.736e+04  -1.99e+04 -3.051e+04      -5431
 -2.322e+04      -1989 -4.478e+04 -7.867e+05      870.6       1663 -3.242e+04 -2.348e+04 -2.012e+04 -1.238e+05 -2.678e+04
 -4.443e+04 -2.056e+04 -1.724e+04      870.6  -1.18e+06 -4.271e+04       2834 -1.465e+04       3238       3104 -1.228e+04
 -3.215e+04 -3.437e+04 -1.766e+04       1663 -4.271e+04 -8.735e+05 -1.312e+04 -1.859e+04       3234       3132 -2.259e+04
      -9710 -2.013e+04 -3.146e+04 -3.242e+04       2834 -1.312e+04   -2.6e+05      -5597 -1.295e+04 -1.521e+04      -4225
      -3092 -1.637e+04 -2.736e+04 -2.348e+04 -1.465e+04 -1.859e+04      -5597 -1.439e+05 -1.029e+04 -1.114e+04     -950.5
 -1.267e+04       3015  -1.99e+04 -2.012e+04       3238       3234 -1.295e+04 -1.029e+04 -2.979e+05 -4.842e+04  -2.22e+04
 -1.209e+04       2578 -3.051e+04 -1.238e+05       3104       3132 -1.521e+04 -1.114e+04 -4.842e+04 -3.405e+05 -1.183e+04
      -9989 -1.086e+04      -5431 -2.678e+04 -1.228e+04 -2.259e+04      -4225     -950.5  -2.22e+04 -1.183e+04 -1.232e+05

 7

(((human: 0.133369, (chimpanzee: 0.056441, bonobo: 0.046198): 0.081803): 0.037487, gorilla: 0.161665): 0.075395, (orangutan: 0.080436, sumatran: 0.089274): 0.116594, gibbon: 0.274096);

  0.075395  0.037487  0.133369  0.081803  0.056441  0.046198  0.161665  0.116594  0.080436  0.089274  0.274096

  0.000000  0.000000  0.000000  0.000000  0.000000  0.000000  0.000000  0.000000  0.000000  0.000000  0.000000


Hessian

 -2.087e+04      -2382     -219.1       -818     -264.1     -251.9     -394.2      -3143     -427.1     -112.8     -676.9
      -2382  -4.08e+04      -1185      -1537       -764      -1238      -3278      -1151        326      112.5     -89.92
     -219.1      -1185 -1.748e+04      -1861     -547.2     -810.7     -221.4       -935      178.4     -503.3     -319.2
       -818      -1537      -1861 -2.715e+04       1101      626.4     -461.6     -74.91     -724.9     -116.4     -590.6
     -264.1       -764     -547.2       1101 -4.672e+04      -7066      -1249     -80.23      -1343      -1017     -173.4
     -251.9      -1238     -810.7      626.4      -7066 -5.539e+04      -1720       -537      -1059     -208.9      16.09
     -394.2      -3278     -221.4     -461.6      -1249      -1720 -1.382e+04     -129.9     -548.9      8.479     -502.5
      -3143      -1151       -935     -74.91     -80.23       -537     -129.9  -1.63e+04     -128.8      73.19     -225.9
     -427.1        326      178.4     -724.9      -1343      -1059     -548.9     -128.8 -2.862e+04      -5220     -234.9
     -112.8      112.5     -503.3     -116.4      -1017     -208.9      8.479      73.19      -5220 -2.635e+04     -134.3
     -676.9     -89.92     -319.2     -590.6     -173.4      16.09     -502.5     -225.9     -234.9     -134.3      -7375
